econ_cost_death:
  age_group_0_9: 3337861.720555538
  age_group_10_19: 4387465.274871168
  age_group_20_29: 5228442.949099216
  age_group_30_39: 5167445.88617088
  age_group_40_49: 4036282.232900447
  age_group_50_59: 2151849.421038908
  age_group_60_69: 514356.7968286901
  age_group_70_79: 0.0
  age_group_80_plus: 0.0
employment_params:
  eta: 0.02017672737008168
  gamma: 0.5964654525983664
  nu: 0.3833578200315519
  v:
    age_group_0_9:
      leisure: 0.0
      other: 0.0
      transport: 0.0
    age_group_10_19:
      leisure: 7.068903576182438
      other: 45.74913439411911
      transport: 4.299593606378467
    age_group_20_29:
      leisure: 39.817645034755394
      other: 257.6952386350305
      transport: 24.218705230230057
    age_group_30_39:
      leisure: 87.4775693759741
      other: 566.1448108213707
      transport: 53.207402525299344
    age_group_40_49:
      leisure: 107.64338009809762
      other: 696.6556283689811
      transport: 65.47306578040708
    age_group_50_59:
      leisure: 110.44785935297749
      other: 714.8058969296267
      transport: 67.17886370840974
    age_group_60_69:
      leisure: 42.86123424007397
      other: 277.392999411364
      transport: 26.06993951947998
    age_group_70_79:
      leisure: 0.0
      other: 0.0
      transport: 0.0
    age_group_80_plus:
      leisure: 0.0
      other: 0.0
      transport: 0.0
schooling_params:
  age_group_0_9: 206.50726419040433
  age_group_10_19: 251.7183447827186
  age_group_20_29: 0.0
  age_group_30_39: 0.0
  age_group_40_49: 0.0
  age_group_50_59: 0.0
  age_group_60_69: 0.0
  age_group_70_79: 0.0
  age_group_80_plus: 0.0
upper_bounds:
  home: 1.0
  leisure: 1.0
  other: 1.0
  school: 1.0
  transport: 1.0
  work: 1.0
