econ_cost_death:
  age_group_0_9: 333786.17205555376
  age_group_10_19: 438746.5274871168
  age_group_20_29: 522844.2949099216
  age_group_30_39: 516744.58861708804
  age_group_40_49: 403628.22329004476
  age_group_50_59: 215184.9421038908
  age_group_60_69: 51435.67968286901
  age_group_70_79: 0.0
  age_group_80_plus: 0.0
employment_params:
  eta: 0.0353893527721194
  gamma: 0.29221294455761204
  nu: 0.6723977026702685
  v:
    age_group_0_9:
      leisure: 0.0
      other: 0.0
      transport: 0.0
    age_group_10_19:
      leisure: 0.0
      other: 0.0
      transport: 0.0
    age_group_20_29:
      leisure: 0.0
      other: 0.0
      transport: 0.0
    age_group_30_39:
      leisure: 0.0
      other: 0.0
      transport: 0.0
    age_group_40_49:
      leisure: 0.0
      other: 0.0
      transport: 0.0
    age_group_50_59:
      leisure: 0.0
      other: 0.0
      transport: 0.0
    age_group_60_69:
      leisure: 0.0
      other: 0.0
      transport: 0.0
    age_group_70_79:
      leisure: 0.0
      other: 0.0
      transport: 0.0
    age_group_80_plus:
      leisure: 0.0
      other: 0.0
      transport: 0.0
schooling_params:
  age_group_0_9: 0.0
  age_group_10_19: 0.0
  age_group_20_29: 0
  age_group_30_39: 0
  age_group_40_49: 0
  age_group_50_59: 0
  age_group_60_69: 0
  age_group_70_79: 0
  age_group_80_plus: 0
upper_bounds:
  home: 1.0
  leisure: 1.0
  other: 1.0
  school: 1.0
  transport: 1.0
  work: 1.0
