econ_cost_death:
  age_group_0_9: 333786.17205555376
  age_group_10_19: 438746.5274871168
  age_group_20_29: 522844.2949099216
  age_group_30_39: 516744.58861708804
  age_group_40_49: 403628.22329004476
  age_group_50_59: 215184.9421038908
  age_group_60_69: 51435.67968286901
  age_group_70_79: 0.0
  age_group_80_plus: 0.0
employment_params:
  eta: 0.33
  gamma: 0.34
  nu: 0.33
  v:
    age_group_0_9:
      leisure: 0.0
      other: 0.0
      transport: 0.0
    age_group_10_19:
      leisure: 0.7068903576182438
      other: 4.574913439411911
      transport: 0.42995936063784673
    age_group_20_29:
      leisure: 3.981764503475539
      other: 25.769523863503046
      transport: 2.421870523023006
    age_group_30_39:
      leisure: 8.74775693759741
      other: 56.61448108213707
      transport: 5.3207402525299345
    age_group_40_49:
      leisure: 10.764338009809762
      other: 69.6655628368981
      transport: 6.5473065780407085
    age_group_50_59:
      leisure: 11.04478593529775
      other: 71.48058969296267
      transport: 6.717886370840974
    age_group_60_69:
      leisure: 4.286123424007397
      other: 27.739299941136395
      transport: 2.606993951947998
    age_group_70_79:
      leisure: 0.0
      other: 0.0
      transport: 0.0
    age_group_80_plus:
      leisure: 0.0
      other: 0.0
      transport: 0.0
schooling_params:
  age_group_0_9: 21.39130539080098
  age_group_10_19: 26.074550001056437
  age_group_20_29: 0
  age_group_30_39: 0
  age_group_40_49: 0
  age_group_50_59: 0
  age_group_60_69: 0
  age_group_70_79: 0
  age_group_80_plus: 0
upper_bounds:
  home: 0.99615458
  leisure: 0.89687269
  other: 0.8787483
  school: 0.96537944
  transport: 0.90696783
  work: 0.96665457
