econ_cost_death:
  age_group_0_9: 0.0
  age_group_10_19: 0.0
  age_group_20_29: 0.0
  age_group_30_39: 0.0
  age_group_40_49: 0.0
  age_group_50_59: 0.0
  age_group_60_69: 0.0
  age_group_70_79: 0.0
  age_group_80_plus: 0.0
employment_params:
  eta: 0.035389352769498394
  gamma: 0.29221294461003205
  nu: 0.6723977026204695
  v:
    age_group_0_9:
      leisure: 0.0
      other: 0.0
      transport: 0.0
    age_group_10_19:
      leisure: 7068.903576182438
      other: 45749.13439411911
      transport: 4299.5936063784675
    age_group_20_29:
      leisure: 39817.64503475539
      other: 257695.23863503046
      transport: 24218.705230230058
    age_group_30_39:
      leisure: 87477.5693759741
      other: 566144.8108213707
      transport: 53207.402525299345
    age_group_40_49:
      leisure: 107643.38009809762
      other: 696655.6283689811
      transport: 65473.06578040709
    age_group_50_59:
      leisure: 110447.8593529775
      other: 714805.8969296267
      transport: 67178.86370840974
    age_group_60_69:
      leisure: 42861.23424007397
      other: 277392.99941136397
      transport: 26069.93951947998
    age_group_70_79:
      leisure: 0.0
      other: 0.0
      transport: 0.0
    age_group_80_plus:
      leisure: 0.0
      other: 0.0
      transport: 0.0
schooling_params:
  age_group_0_9: 206507.26419040433
  age_group_10_19: 251718.3447827186
  age_group_20_29: 0.0
  age_group_30_39: 0.0
  age_group_40_49: 0.0
  age_group_50_59: 0.0
  age_group_60_69: 0.0
  age_group_70_79: 0.0
  age_group_80_plus: 0.0
upper_bounds:
  home: 1.0
  leisure: 1.0
  other: 1.0
  school: 1.0
  transport: 1.0
  work: 1.0
