days_before_gamma: 61.0319243
global-parameters:
  C_H: 2000.0
  C_ICU: 0.3
mixing:
  name: mult
  param_alpha: 0.236561708
  param_beta: 1.31254708
  param_gamma_after: 0.739260425
  param_gamma_before: 1.47852085
seir-groups:
  all_age_groups:
    contacts:
      home:
        all_age_groups: 3.2626307260576803
      leisure:
        all_age_groups: 2.3180094664862136
      other:
        all_age_groups: 2.4118876160457137
      school:
        all_age_groups: 0.9645261038857175
      transport:
        all_age_groups: 0.4067533221797532
      work:
        all_age_groups: 1.9344130603820773
    name: all_age_groups
    parameters:
      beta: 0.06060604527351959
      lambda_H_D: 0.004424014787662032
      lambda_H_R: 0.07185363586069798
      lambda_ICU_D: 0.0030413651738987538
      lambda_ICU_R: 0.04939701972384638
      mu: 0.24999999999999994
      p_H: 0.031221484660441983
      p_ICU: 0.00693180851417221
      p_Ia: 0.4809233534126928
      p_Ims: 0.2404616767063464
      p_Ips: 0.2404616767063464
      p_Iss: 0.03815329317461419
      sigma: 0.24999999999999994
upper_bounds:
  home: 1.0
  leisure: 1.0
  other: 1.0
  school: 1.0
  transport: 1.0
  work: 1.0
