econ_cost_death:
  all_age_groups: 329938.3560893936
employment_params:
  eta: 0.1
  gamma: 0.29221294455761204
  nu: 0.6723977026702685
  v:
    all_age_groups:
      leisure: 0.0
      other: 0.0
      transport: 0.0
schooling_params:
  all_age_groups: 0.0
upper_bounds:
  home: 1.0
  leisure: 1.0
  other: 1.0
  school: 1.0
  transport: 1.0
  work: 1.0
