econ_cost_death:
  all_age_groups: 3299383560.893936
employment_params:
  eta: 0.1
  gamma: 0.29221294455761204
  nu: 0.6723977026702685
  v:
    all_age_groups:
      leisure: 51386.26544729946
      other: 332566.0250737178
      transport: 31255.20895734076
schooling_params:
  all_age_groups: 58566.96598508212
upper_bounds:
  home: 1.0
  leisure: 1.0
  other: 1.0
  school: 1.0
  transport: 1.0
  work: 1.0
