econ_cost_death:
  all_age_groups: 329938.3560893936
employment_params:
  eta: 0.0353893527721194
  gamma: 0.29221294455761204
  nu: 0.6723977026702685
  v:
    all_age_groups:
      leisure: 5.138626544729946
      other: 33.25660250737178
      transport: 3.125520895734076
schooling_params:
  all_age_groups: 5.856696598508212
upper_bounds:
  home: 1.0
  leisure: 1.0
  other: 1.0
  school: 1.0
  transport: 1.0
  work: 1.0
