home: 0.8066385525943189
leisure: 0.07352665566324852
other: 0.16634316703355334
school: 0
transport: 0.03647179398924942
work: 0.13744552863496587
