home: 0.8627884558989365
leisure: 0.18236154265975085
other: 0.08284505711093333
school: 0
transport: 0.1840910407200777
work: 0.0016828142733624114
