home: 0.99615458
leisure: 0.20921094027057996
other: 0.2002429065401181
school: 0
transport: 0.1285365847945069
work: 0.07002537255491703
