all_age_groups:
  D: 8901.062198090727
  E: 94871.14610161963
  H: 10120.039046221566
  I: 106161.88966125957
  ICU: 2986.3461555470703
  Ia: 0.0
  Ims: 0.0
  Ips: 0.0
  Iss: 0.0
  N: 12219853.531928217
  R: 2151886.2665076996
  Rq: 36349.01483627955
  S: 9866934.229657633
