all_age_groups:
  D: 8901.062198090716
  E: 94871.14610161961
  H: 10120.039046221558
  I: 106161.88966125954
  ICU: 2986.34615554707
  Ia: 0.0
  Ims: 0.0
  Ips: 0.0
  Iss: 0.0
  N: 12219853.531928217
  R: 2151886.2665076987
  Rq: 36349.01483627952
  S: 9866934.229657635
