all_age_groups:
  D: 0.0038731765360992317
  E: 12.29279139038208
  H: 0.10563482257993798
  I: 5.9500573639968986
  ICU: 0.024435904462040737
  Ia: 0.0
  Ims: 0.0
  Ips: 0.0
  Iss: 0.0
  N: 12278209.84468512
  R: 4.983819421678516
  Rq: 0.021370961484667494
  S: 12278186.618016943
