all_age_groups:
  D: 0.003873176536099232
  E: 12.29279139038208
  H: 0.10563482257993798
  I: 5.950057363996898
  ICU: 0.024435904462040737
  Ia: 0.0
  Ims: 0.0
  Ips: 0.0
  Iss: 0.0
  N: 12278209.84468512
  R: 4.9838194216785165
  Rq: 0.021370961484667494
  S: 12278186.618016943
