all_age_groups:
  D: 0.05604244415177174
  E: 130.91922759407
  H: 0.9877701578421905
  I: 63.28704596518106
  ICU: 0.25481989856522574
  Ia: 0.0
  Ims: 0.0
  Ips: 0.0
  Iss: 0.0
  N: 12278208.416641504
  R: 57.27004569722277
  Rq: 0.28472583971181853
  S: 12277956.940322245
