all_age_groups:
  D: 0.5423574943416756
  E: 1400.5417218709058
  H: 10.006903286659037
  I: 676.590588009223
  ICU: 2.6293342974036475
  Ia: 0.0
  Ims: 0.0
  Ips: 0.0
  Iss: 0.0
  N: 12278193.929446593
  R: 616.1272375748508
  Rq: 2.891956721587945
  S: 12275500.66989914
