all_age_groups:
  D: 0.5423574943416754
  E: 1400.541721870905
  H: 10.006903286659036
  I: 676.5905880092226
  ICU: 2.629334297403646
  Ia: 0.0
  Ims: 0.0
  Ips: 0.0
  Iss: 0.0
  N: 12278193.929446593
  R: 616.1272375748505
  Rq: 2.8919567215879445
  S: 12275500.66989914
