all_age_groups:
  D: 5.595088142272095
  E: 14970.049792404936
  H: 106.09311555372261
  I: 7237.027575103144
  ICU: 27.899765026416112
  Ia: 0.0
  Ims: 0.0
  Ips: 0.0
  Iss: 0.0
  N: 12278040.116077395
  R: 6596.49140041239
  Rq: 30.29593689686419
  S: 12249236.547309473
