all_age_groups:
  D: 5.5950881422720915
  E: 14970.049792404925
  H: 106.09311555372253
  I: 7237.027575103139
  ICU: 27.8997650264161
  Ia: 0.0
  Ims: 0.0
  Ips: 0.0
  Iss: 0.0
  N: 12278040.116077395
  R: 6596.491400412385
  Rq: 30.29593689686417
  S: 12249236.547309473
