all_age_groups:
  D: 59.33750255216913
  E: 156620.60542693172
  H: 1128.4701183070383
  I: 76432.5967695567
  ICU: 296.7417473891885
  Ia: 0.0
  Ims: 0.0
  Ips: 0.0
  Iss: 0.0
  N: 12276403.349595616
  R: 70224.84475037052
  Rq: 322.1008554708617
  S: 11973125.302648755
