all_age_groups:
  D: 59.337502552169184
  E: 156620.60542693187
  H: 1128.4701183070392
  I: 76432.59676955677
  ICU: 296.74174738918873
  Ia: 0.0
  Ims: 0.0
  Ips: 0.0
  Iss: 0.0
  N: 12276403.349595616
  R: 70224.84475037058
  Rq: 322.100855470862
  S: 11973125.302648755
