all_age_groups:
  D: 482.93787169146765
  E: 277187.12140755146
  H: 5879.35910757632
  I: 212207.0033700298
  ICU: 1613.043161735563
  Ia: 0.0
  Ims: 0.0
  Ips: 0.0
  Iss: 0.0
  N: 12267611.504317332
  R: 408171.7460135
  Rq: 2623.154481818964
  S: 11370045.633526247
