all_age_groups:
  D: 482.93787169146725
  E: 277187.1214075512
  H: 5879.359107576314
  I: 212207.00337002962
  ICU: 1613.0431617355616
  Ia: 0.0
  Ims: 0.0
  Ips: 0.0
  Iss: 0.0
  N: 12267611.504317332
  R: 408171.74601349956
  Rq: 2623.1544818189623
  S: 11370045.633526247
