all_age_groups:
  D: 0.048293787169146725
  E: 27.71871214075512
  H: 0.5879359107576314
  I: 21.220700337002962
  ICU: 0.16130431617355616
  Ia: 0.0
  Ims: 0.0
  Ips: 0.0
  Iss: 0.0
  N: 1226.7611504317332
  R: 40.817174601349956
  Rq: 0.26231544818189623
  S: 1137.0045633526247
