all_age_groups:
  D: 0.048293787169146764
  E: 27.718712140755144
  H: 0.587935910757632
  I: 21.22070033700298
  ICU: 0.1613043161735563
  Ia: 0.0
  Ims: 0.0
  Ips: 0.0
  Iss: 0.0
  R: 40.81717460135
  Rq: 0.2623154481818964
  S: 1137.0045633526247
