all_age_groups:
  D: 2153.5432257827406
  E: 202157.83242959878
  H: 11622.281650420993
  I: 224721.43377118098
  ICU: 2999.9999698639735
  Ia: 0.0
  Ims: 0.0
  Ips: 0.0
  Iss: 0.0
  N: 12252070.814018155
  R: 991075.8521390863
  Rq: 9363.35852186236
  S: 10834115.695678284
