all_age_groups:
  D: 2153.543225782736
  E: 202157.8324295986
  H: 11622.281650420982
  I: 224721.43377118077
  ICU: 2999.9999698639735
  Ia: 0.0
  Ims: 0.0
  Ips: 0.0
  Iss: 0.0
  N: 12252070.814018155
  R: 991075.8521390853
  Rq: 9363.35852186235
  S: 10834115.695678284
