all_age_groups:
  D: 4957.175400226796
  E: 155342.56856826402
  H: 12742.14865074393
  I: 170786.6213370705
  ICU: 2999.9999766283418
  Ia: 0.0
  Ims: 0.0
  Ips: 0.0
  Iss: 0.0
  N: 12238829.280833855
  R: 1476944.818342678
  Rq: 18681.391200478745
  S: 10435755.272585837
