all_age_groups:
  D: 4957.175400226804
  E: 155342.5685682641
  H: 12742.14865074394
  I: 170786.62133707065
  ICU: 2999.9999766283418
  Ia: 0.0
  Ims: 0.0
  Ips: 0.0
  Iss: 0.0
  N: 12238829.280833855
  R: 1476944.8183426794
  Rq: 18681.391200478763
  S: 10435755.272585835
