all_age_groups:
  D: 7205.84825565378
  E: 123818.18465191075
  H: 11735.72021416168
  I: 136643.09962285656
  ICU: 2999.9999811088255
  Ia: 0.0
  Ims: 0.0
  Ips: 0.0
  Iss: 0.0
  N: 12228324.050646111
  R: 1853817.1495479713
  Rq: 27944.37591437157
  S: 10114045.61682337
