all_age_groups:
  D: 8.410159481817688
  E: 152.50620678233872
  H: 8.916111827339924
  I: 144.97463274051944
  ICU: 3.1046872996584276
  Ia: 0.0
  Ims: 0.0
  Ips: 0.0
  Iss: 0.0
  N: 12278143.356761642
  R: 2538.1318527918966
  Rq: 46.21227308892805
  S: 12275307.74406932
